%% Hola, mundo!

J = 15;

b = 1.1;

L = 2.886e-3;

R = 50.296e-3;

K = 6.7628;

s = tf([1,0],1);

G=157.288/(s^2+17.62*s+1065);