%% Hola, mundo!

J = 15;

b = 1.1;

s = tf([1,0],1);

G=157.288/(s^2+17.62*s+1065);